name: structLearn
channels:
  - conda-forge
  - defaults
dependencies:
  - appnope=0.1.0=py35_0
  - backcall=0.1.0=py_0
  - blas=1.0=mkl
  - bleach=3.1.0=py_0
  - bzip2=1.0.8=h01d97ff_0
  - ca-certificates=2019.6.16=hecc5488_0
  - certifi=2016.9.26=py35_0
  - cython=0.28.5=py35h0a44026_0
  - decorator=4.3.2=py_0
  - defusedxml=0.5.0=py_1
  - entrypoints=0.2.3=py35_2
  - ffmpeg=4.2=h5c2b479_0
  - freetype=2.10.0=h24853df_1
  - gettext=0.19.8.1=h46ab8bc_1002
  - gmp=6.1.2=h0a44026_1000
  - gnutls=3.6.5=h53004b3_1002
  - intel-openmp=2019.1=144
  - ipykernel=5.1.0=pyh24bf2e0_0
  - ipython=7.0.1=py35h24bf2e0_0
  - ipython_genutils=0.2.0=py_1
  - jedi=0.12.1=py35_0
  - jsonschema=2.6.0=py35_2
  - jupyter_client=5.2.4=py_3
  - jupyter_core=4.4.0=py_0
  - jupyterlab=0.34.12=py35_0
  - jupyterlab_launcher=0.13.1=py_2
  - lame=3.100=h1de35cc_1001
  - libcxx=4.0.1=hcfea43d_1
  - libcxxabi=4.0.1=hcfea43d_1
  - libedit=3.1.20170329=hb402a30_2
  - libffi=3.2.1=h475c297_4
  - libgfortran=3.0.1=h93005f0_2
  - libiconv=1.15=h01d97ff_1005
  - libpng=1.6.37=h2573ce8_0
  - libsodium=1.0.16=h1de35cc_1001
  - mistune=0.8.3=py35h470a237_2
  - mkl=2018.0.3=1
  - mkl_fft=1.0.6=py35hb8a8100_0
  - mkl_random=1.0.1=py35h5d10147_1
  - nbconvert=5.4.1=py_2
  - nbformat=4.4.0=py_1
  - ncurses=6.1=h0a44026_1
  - nettle=3.4.1=h3efe00b_1002
  - notebook=5.7.0=py35_0
  - numpy-base=1.15.2=py35h8a80b8c_0
  - openh264=1.8.0=hd9629dc_1000
  - openssl=1.0.2r=h1de35cc_0
  - pandoc=2.6=1
  - pandocfilters=1.4.2=py_1
  - parso=0.3.4=py_0
  - pexpect=4.6.0=py35_0
  - pickleshare=0.7.5=py35_0
  - prometheus_client=0.6.0=py_0
  - prompt_toolkit=2.0.9=py_0
  - ptyprocess=0.6.0=py35_1000
  - pygments=2.3.1=py_0
  - python=3.5.6=hc167b69_0
  - pyzmq=17.1.2=py35hae99301_0
  - readline=7.0=h1de35cc_5
  - send2trash=1.5.0=py_0
  - setuptools=40.2.0=py35_0
  - simplegeneric=0.8.1=py_1
  - sqlite=3.26.0=ha441bb4_0
  - statsmodels=0.9.0=py35h917ab60_0
  - terminado=0.8.1=py35_1
  - testpath=0.3.1=py35_1
  - tk=8.6.8=ha441bb4_0
  - tornado=5.1.1=py35h470a237_0
  - traitlets=4.3.2=py35_0
  - wcwidth=0.1.7=py_1
  - webencodings=0.5.1=py_1
  - wheel=0.31.1=py35_0
  - x264=1!152.20180806=h1de35cc_0
  - xz=5.2.4=h1de35cc_4
  - zeromq=4.2.5=h0a44026_1006
  - zlib=1.2.11=h1de35cc_3
  - pip:
    - awscli==1.16.107
    - boto3==1.9.97
    - botocore==1.12.97
    - colorama==0.3.9
    - cycler==0.10.0
    - dictset==0.3.1.2
    - docutils==0.14
    - jinja2==2.10
    - jmespath==0.9.3
    - joblib==0.13.1
    - kiwisolver==1.0.1
    - markupsafe==1.1.0
    - matplotlib==3.0.2
    - numpy==1.16.0
    - pandas==0.23.4
    - patsy==0.5.1
    - pip==18.1
    - pyasn1==0.4.5
    - pymer4==0.6.0
    - pyparsing==2.3.1
    - pystaggrelite3==0.1.3
    - pystan==2.19.0.0
    - python-dateutil==2.7.5
    - python-pygaze==0.6.4
    - pytz==2018.9
    - pyvttbl==0.5.2.2
    - pyyaml==3.13
    - rpy2==2.9.5
    - rsa==3.4.2
    - s3transfer==0.2.0
    - scikit-learn==0.20.3
    - scipy==1.2.0
    - seaborn==0.9.0
    - six==1.12.0
    - sklearn==0.0
    - tqdm==4.34.0
    - urllib3==1.24.1
    - xmltodict==0.12.0
prefix: /Applications/anaconda3/envs/structLearn

